time_s cwnd_bytes
0 0
1.20028 14480
1.40703 15928
1.40952 17376
1.41368 18824
1.41535 20272
1.42033 21720
1.422 23168
1.42615 24616
1.42864 26064
1.4328 27512
1.60827 28960
1.61195 30408
1.6148 31856
1.61764 33304
1.61967 34752
1.62252 36200
1.62455 37648
1.62657 39096
1.62942 40544
1.63227 41992
1.63512 43440
1.63715 44888
1.63917 46336
1.64202 47784
1.64569 49232
1.64772 50680
1.64975 52128
1.6526 53576
1.65462 55024
1.81218 56472
1.81421 57920
1.81788 59368
1.81991 60816
1.82276 62264
1.82478 63712
1.82763 65160
1.82966 66608
1.83168 68056
1.83371 69504
1.83573 70952
1.83858 72400
1.84061 73848
1.84263 75296
1.84466 76744
1.84668 78192
1.84953 79640
1.85156 81088
1.85359 82536
1.85561 83984
1.85846 85432
1.86049 86880
1.86251 88328
1.86536 89776
1.86739 91224
1.86941 92672
1.87144 94120
1.87346 95568
1.87714 97016
1.87916 98464
1.88119 99912
1.88321 101360
1.88524 102808
1.88809 104256
1.89012 105704
1.89214 107152
1.89417 108600
1.89619 110048
2.02594 111496
2.02796 112944
2.02999 114392
2.03284 115840
2.03569 117288
2.03771 118736
2.03974 120184
2.04176 121632
2.04461 123080
2.04664 124528
2.04867 125976
2.05069 127424
2.05354 128872
2.05557 130320
2.05759 131768
2.05962 133216
2.06164 134664
2.06449 136112
2.06652 137560
2.06854 139008
2.07057 140456
2.0726 141904
2.07544 143352
2.07747 144800
2.0795 146248
2.08152 147696
2.08355 149144
2.0864 150592
2.08842 152040
2.09045 153488
2.09247 154936
2.0945 156384
2.09735 157832
2.09937 159280
2.1014 160728
2.10343 162176
2.10545 163624
2.1083 165072
2.11033 166520
2.11235 167968
2.11438 169416
2.1164 170864
2.11925 172312
2.12128 173760
2.1233 175208
2.12533 176656
2.12736 178104
2.1302 179552
2.13223 181000
2.13426 182448
2.13628 183896
2.13831 185344
2.14116 186792
2.14318 188240
2.14521 189688
2.14723 191136
2.14926 192584
2.15211 194032
2.15413 195480
2.15616 196928
2.15819 198376
2.16021 199824
2.16306 201272
2.16509 202720
2.16711 204168
2.16914 205616
2.17116 207064
2.17401 208512
2.17604 209960
2.17806 211408
2.18009 212856
2.18212 214304
2.18496 215752
2.18699 217200
2.18902 218648
2.19104 220096
2.2936 221544
2.29562 222992
2.29765 224440
2.29967 225888
2.30252 227336
2.30455 228784
2.30657 230232
2.3086 231680
2.31145 233128
2.31347 234576
2.3155 236024
2.31752 237472
2.31955 238920
2.3224 240368
2.32443 241816
2.32645 243264
2.32848 244712
2.3305 246160
2.33335 247608
2.33538 249056
2.3374 250504
2.33943 251952
2.34145 253400
2.3443 254848
2.34633 256296
2.34798 257744
2.34948 259192
2.35199 260640
2.35366 262088
2.35781 263536
2.35948 264984
2.36197 266432
2.36448 267880
2.36697 269328
2.36948 270776
2.37198 272224
2.37449 273672
2.37698 275120
2.37949 276568
2.38198 278016
2.38365 279464
2.38616 280912
2.38865 282360
2.39116 283808
2.39365 285256
2.39616 286704
2.39865 288152
2.40116 289600
2.40365 291048
2.40781 292496
2.40865 293944
2.41032 295392
2.41366 296840
2.41532 298288
2.41783 299736
2.42032 301184
2.42448 302632
2.42533 304080
2.42948 305528
2.43033 306976
2.432 308424
2.43533 309872
2.437 311320
2.44116 312768
2.442 314216
2.44616 315664
2.447 317112
2.45116 318560
2.452 320008
2.45367 321456
2.45783 322904
2.45867 324352
2.46283 325800
2.46367 327248
2.46783 328696
2.46867 330144
2.47283 331592
2.4745 333040
2.47783 334488
2.4795 335936
2.48034 337384
2.4845 338832
2.48699 340280
2.4895 341728
2.492 343176
2.49451 344624
2.497 346072
2.50368 128448
2.58034 127000
2.582 126455
2.58367 125939
2.58534 125424
2.587 124909
2.59034 123878
2.59201 123363
2.59534 122333
2.59701 121817
2.60117 120787
2.60201 120271
2.60617 119241
2.60868 118210
2.61117 117695
2.61368 116665
2.61617 116149
2.61868 115119
2.62117 114604
2.62368 113573
2.62617 113058
2.62868 112027
2.63118 111512
2.63451 110481
2.63535 109966
2.63951 108936
2.64036 108420
2.64451 107390
2.64536 106875
2.64952 105844
2.65201 105329
2.65452 104298
2.65701 103783
2.65952 102752
2.66201 102237
2.66452 101207
2.66619 100691
2.66952 99661
2.67119 99146
2.67452 98115
2.67619 97600
2.67952 96569
2.68119 96054
2.68535 95023
2.68619 94508
2.69035 93478
2.6912 91408
2.69286 90408
2.69535 89408
2.6962 88408
2.69786 87408
2.70036 86408
2.70202 85408
2.70287 84408
2.70536 83408
2.70702 82408
2.70787 81408
2.71036 80408
2.71203 79408
2.71452 78408
2.71536 77408
2.71703 76408
2.71952 75408
2.72036 74408
2.72203 73408
2.7237 72408
2.72454 71408
2.72703 70408
2.7287 69408
2.73119 68408
2.73203 67408
2.7337 66408
2.73619 65408
2.73703 64408
2.7387 63500
2.74119 63408
2.74204 62408
2.7437 61408
2.74619 60408
2.74786 59408
2.7487 58408
2.75037 57408
2.75286 56408
2.75371 55408
2.75537 54408
2.75786 53408
2.75871 52408
2.76037 51408
2.76287 50408
2.76453 49408
2.76538 48408
2.76787 47408
2.76953 46408
2.77038 45408
2.77287 44408
2.77454 43408
2.77538 42408
2.77787 41408
2.77954 40408
2.7812 39408
2.78205 38408
2.78454 37408
2.78621 36408
2.78705 35408
2.78954 34408
2.79121 33408
2.79452 63500
2.79452 63533
3.081 63566
3.08434 63598
3.086 63630
3.09016 63662
3.09101 63694
3.09516 63726
3.09601 63758
3.09768 63790
3.10183 63822
3.10268 63854
3.10684 63886
3.10768 63918
3.11184 63950
3.11268 63982
3.11684 64014
3.11851 64046
3.11935 64078
3.12351 64110
3.12435 64142
3.12851 64174
3.12935 64206
3.13351 64238
3.13518 64270
3.13851 64302
3.14018 64334
3.14351 64366
3.14518 64398
3.14602 64430
3.15018 64462
3.15267 64494
3.15518 64526
3.15768 64558
3.16019 64590
3.16268 64622
3.16519 64654
3.16685 64686
3.16935 64718
3.17186 64750
3.17435 64782
3.17686 64814
3.17935 64846
3.18186 64878
3.18435 64910
3.36721 64942
3.37088 64974
3.37291 65006
3.37823 65038
3.38026 65070
3.38228 65102
3.38513 65134
3.38716 65166
3.39165 65198
3.39368 65230
3.39735 65262
3.39938 65294
3.4014 65326
3.40425 65358
3.40628 65390
3.41078 65422
3.4128 65454
3.41483 65486
3.41768 65518
3.42053 65550
3.42338 65581
3.42623 65612
3.4299 65643
3.43193 65674
3.43395 65705
3.4368 65736
3.43965 65767
3.4425 65798
3.44535 65829
3.44738 65860
3.45105 65891
3.45308 65922
3.45675 65953
3.4596 65984
3.46327 66015
3.46447 66046
3.4665 66077
3.46935 66108
3.47137 66139
3.47505 66170
3.47707 66201
3.4791 66232
3.48195 66263
3.48397 66294
3.6541 66325
3.65777 66356
3.66062 66387
3.66594 66418
3.66797 66449
3.67082 66480
3.67367 66511
3.67652 66542
3.67854 66573
3.68139 66604
3.68424 66635
3.68791 66666
3.69076 66697
3.69279 66728
3.69646 66759
3.69849 66790
3.70299 66821
3.70584 66852
3.70786 66883
3.71153 66914
3.71438 66945
3.71806 66976
3.72091 67007
3.7254 67038
3.72743 67069
3.73028 67100
3.73313 67131
3.7368 67162
3.73965 67193
3.7425 67224
3.74535 67255
3.74903 67286
3.75105 67317
3.75472 67348
3.75757 67379
3.76125 67410
3.76327 67441
3.7653 67472
3.76815 67503
3.77017 67534
3.77385 67565
3.77587 67596
3.7779 67627
3.78075 67658
3.78277 67688
3.94054 67718
3.94503 67748
3.94788 67778
3.95403 67808
3.95605 67838
3.9589 67868
3.96258 67898
3.96543 67928
3.96828 67958
3.97113 67988
3.9748 68018
3.976 68048
3.97885 68078
3.98252 68108
3.98455 68138
3.98905 68168
3.99107 68198
3.99557 68228
3.99924 68258
4.00127 68288
4.00577 68318
4.00862 68348
4.01312 68378
4.01596 68408
4.02129 68438
4.02331 68468
4.02699 68498
4.02984 68528
4.03433 68558
4.03718 68588
4.04003 68618
4.04288 68648
4.04656 68678
4.04858 68708
4.05225 68738
4.0551 68768
4.05878 68798
4.0608 68828
4.06283 68858
4.06568 68888
4.0677 68918
4.07138 68948
4.0734 68978
4.07543 69008
4.07828 69038
4.0803 69068
4.22735 69098
4.23185 69128
4.23552 69158
4.24167 69188
4.24452 69218
4.24737 69248
4.25104 69278
4.25472 69308
4.25757 69338
4.26124 69368
4.26491 69398
4.26694 69428
4.26979 69458
4.27181 69488
4.27466 69518
4.27669 69548
4.28201 69578
4.28404 69608
4.28853 69638
4.29303 69668
4.29506 69698
4.30038 69728
4.30323 69758
4.30855 69788
4.3114 69818
4.31755 69848
4.31957 69878
4.32324 69908
4.32609 69937
4.33059 69966
4.33427 69995
4.33712 70024
4.33996 70053
4.34364 70082
4.34566 70111
4.34934 70140
4.35219 70169
4.35586 70198
4.35789 70227
4.35991 70256
4.36276 70285
4.36479 70314
4.36846 70343
4.37049 70372
4.37251 70401
4.37619 70430
4.37821 70459
4.51372 70488
4.51905 70517
4.52272 70546
4.52969 70575
4.53254 70604
4.53621 70633
4.53989 70662
4.54356 70691
4.54723 70720
4.55091 70749
4.5554 70778
4.55743 70807
4.5611 70836
4.56313 70865
4.5668 70894
4.568 70923
4.57003 70952
4.57535 70981
4.57738 71010
4.58188 71039
4.5872 71068
4.58922 71097
4.59537 71126
4.59822 71155
4.60436 71184
4.60721 71213
4.61336 71242
4.61538 71271
4.61906 71300
4.62273 71329
4.6264 71358
4.63008 71387
4.63293 71416
4.6366 71445
4.64028 71474
4.6423 71503
4.64597 71532
4.64882 71561
4.6525 71590
4.65452 71619
4.65655 71648
4.6594 71677
4.66142 71706
4.6651 71735
4.66712 71764
4.66915 71793
4.67282 71822
4.67567 71851
4.79883 71880
4.80415 71909
4.80864 71938
4.81561 71967
4.81846 71996
4.82296 72025
4.82746 72054
4.83113 72083
4.83563 72112
4.84013 72141
4.84463 72170
4.84748 72199
4.85197 72228
4.85482 72257
4.8585 72286
4.86052 72315
4.86255 72343
4.86457 72371
4.86907 72399
4.8711 72427
4.87559 72455
4.88174 72483
4.88376 72511
4.89073 72539
4.89358 72567
4.89973 72595
4.90258 72623
4.90872 72651
4.91075 72679
4.91442 72707
4.9181 72735
4.92177 72763
4.92544 72791
4.92829 72819
4.93279 72847
4.93647 72875
4.93849 72903
4.94216 72931
4.94501 72959
4.94869 72987
4.95071 73015
4.95274 73043
4.95559 73071
4.95761 73099
4.96129 73127
4.96331 73155
4.96534 73183
4.96901 73211
4.97269 73239
5.08513 73267
5.09127 73295
5.09577 73323
5.10356 73351
5.10641 73379
5.11174 73407
5.11623 73435
5.12073 73463
5.12523 73491
5.12973 73519
5.13505 73547
5.1379 73575
5.14322 73603
5.14607 73631
5.15057 73659
5.15259 73687
5.15544 73715
5.15747 73743
5.16279 73771
5.16481 73799
5.16684 73827
5.16969 73855
5.17666 73883
5.17868 73911
5.18565 73939
5.1885 73967
5.19465 73995
5.1975 74023
5.20364 74051
5.20567 74079
5.20934 74107
5.21302 74135
5.21752 74163
5.22119 74191
5.22404 74219
5.22854 74247
5.23221 74275
5.23424 74303
5.23791 74331
5.24076 74359
5.24443 74387
5.24646 74415
5.24848 74443
5.25133 74471
5.25418 74499
5.25786 74527
5.25988 74555
5.26191 74583
5.26558 74611
5.26925 74639
5.37181 74667
5.37795 74695
5.38328 74723
5.39107 74751
5.39474 74779
5.40006 74807
5.40539 74835
5.40988 74863
5.4152 74891
5.4197 74918
5.42502 74945
5.4287 74972
5.43402 74999
5.43769 75026
5.44219 75053
5.44504 75080
5.44789 75107
5.45074 75134
5.45606 75161
5.45891 75188
5.46094 75215
5.46379 75242
5.46499 75269
5.47113 75296
5.47316 75323
5.48013 75350
5.48298 75377
5.48912 75404
5.49197 75431
5.49812 75458
5.50097 75485
5.50464 75512
5.50832 75539
5.51281 75566
5.51649 75593
5.51934 75620
5.52383 75647
5.52751 75674
5.53036 75701
5.53403 75728
5.53688 75755
5.54055 75782
5.54258 75809
5.5446 75836
5.54745 75863
5.5503 75890
5.55398 75917
5.556 75944
5.55803 75971
5.5617 75998
5.56538 76025
5.65804 76052
5.66501 76079
5.67033 76106
5.67895 76133
5.68262 76160
5.68877 76187
5.69409 76214
5.69941 76241
5.70473 76268
5.71006 76295
5.71538 76322
5.71905 76349
5.7252 76376
5.72887 76403
5.73419 76430
5.73704 76457
5.74072 76484
5.74356 76511
5.74889 76538
5.75256 76565
5.75459 76592
5.75744 76619
5.75946 76646
5.76561 76673
5.76681 76700
5.76883 76727
5.77498 76754
5.77783 76781
5.78397 76808
5.78682 76835
5.79297 76862
5.79582 76889
5.79949 76916
5.80317 76943
5.80766 76970
5.81134 76997
5.81501 77024
5.81951 77051
5.82318 77078
5.82603 77105
5.82971 77132
5.83256 77159
5.83623 77186
5.83825 77213
5.8411 77240
5.84395 77267
5.8468 77294
5.85048 77321
5.8525 77348
5.85453 77375
5.8582 77402
5.86188 77429
5.94465 77456
5.95162 77483
5.95777 77510
5.96639 77537
5.97088 77564
5.97703 77591
5.98317 77618
5.9885 77645
5.99464 77672
5.99996 77698
6.00611 77724
6.00978 77750
6.01593 77776
6.02043 77802
6.02575 77828
6.02942 77854
6.03309 77880
6.03594 77906
6.04127 77932
6.04576 77958
6.04779 77984
6.05064 78010
6.05349 78036
6.05963 78062
6.06084 78088
6.06368 78114
6.06901 78140
6.07103 78166
6.07306 78192
6.0792 78218
6.08205 78244
6.0882 78270
6.09105 78296
6.09472 78322
6.0984 78348
6.10289 78374
6.10657 78400
6.11024 78426
6.11474 78452
6.11841 78478
6.12208 78504
6.12576 78530
6.12861 78556
6.13228 78582
6.13431 78608
6.13716 78634
6.14001 78660
6.14286 78686
6.14653 78712
6.14856 78738
6.1514 78764
6.15425 78790
6.15793 78816
6.23247 78842
6.23861 78868
6.24476 78894
6.2542 78920
6.2587 78946
6.26567 78972
6.27181 78998
6.27796 79024
6.2841 79050
6.29025 79076
6.29639 79102
6.30089 79128
6.30704 79154
6.31153 79180
6.31768 79206
6.32135 79232
6.32503 79258
6.32788 79284
6.33402 79310
6.33852 79336
6.34055 79362
6.34422 79388
6.34707 79414
6.35321 79440
6.35442 79466
6.35727 79492
6.36259 79518
6.36544 79544
6.36746 79570
6.36949 79596
6.37399 79622
6.37684 79648
6.38298 79674
6.38665 79700
6.39033 79726
6.394 79752
6.3985 79778
6.40217 79804
6.40585 79830
6.41034 79856
6.41402 79882
6.41769 79908
6.42136 79934
6.42421 79960
6.42789 79986
6.43074 80012
6.43359 80038
6.43644 80064
6.43929 80090
6.44296 80116
6.44499 80142
6.44784 80168
6.45068 80194
6.45436 80220
6.52148 80246
6.52763 80272
6.53295 80298
6.54156 80324
6.54689 80350
6.55386 80376
6.56083 80402
6.56697 80428
6.57394 80454
6.58009 80480
6.58706 80506
6.59155 80532
6.59852 80558
6.60302 80584
6.60917 80610
6.61284 80636
6.61651 80662
6.62019 80687
6.62633 80712
6.63083 80737
6.63286 80762
6.63653 80787
6.6402 80812
6.64635 80837
6.64755 80862
6.65122 80887
6.65655 80912
6.6594 80937
6.66142 80962
6.66427 80987
6.66877 81012
6.67162 81037
6.67282 81062
6.67814 81087
6.68181 81112
6.68549 81137
6.68999 81162
6.69448 81187
6.69816 81212
6.70183 81237
6.70633 81262
6.71 81287
6.71368 81312
6.71735 81337
6.7202 81362
6.72387 81387
6.72672 81412
6.72957 81437
6.73242 81462
6.73527 81487
6.73977 81512
6.74097 81537
6.74464 81562
6.74749 81587
6.75117 81612
6.8117 81637
6.81702 81662
6.82234 81687
6.83013 81712
6.83545 81737
6.84242 81762
6.84939 81787
6.85636 81812
6.86333 81837
6.8703 81862
6.87727 81887
6.88259 81912
6.88956 81937
6.89488 81962
6.90103 81987
6.9047 82012
6.90838 82037
6.91205 82062
6.9182 82087
6.92269 82112
6.92472 82137
6.92922 82162
6.93289 82187
6.93904 82212
6.94106 82237
6.94474 82262
6.95006 82287
6.95291 82312
6.95493 82337
6.95861 82362
6.9631 82387
6.96595 82412
6.96798 82437
6.9733 82462
6.97697 82487
6.97818 82512
6.98103 82537
6.98552 82562
6.99002 82587
6.99369 82612
6.99737 82637
7.00187 82662
7.00554 82687
7.01004 82712
7.01371 82737
7.01656 82762
7.02023 82787
7.02308 82812
7.02593 82837
7.02878 82862
7.03163 82887
7.03613 82912
7.03733 82937
7.041 82962
7.04385 82987
7.04753 83012
7.10229 83037
7.10761 83062
7.11293 83087
7.1199 83112
7.1244 83137
7.13137 83162
7.13834 83187
7.14531 83212
7.1531 83237
7.16007 83262
7.16787 83287
7.17319 83312
7.18098 83337
7.1863 83362
7.19245 83387
7.19612 83412
7.20062 83437
7.20429 83462
7.21044 83487
7.21494 83512
7.21696 83537
7.22146 83562
7.22513 83587
7.23128 83612
7.23413 83637
7.2378 83662
7.24312 83687
7.24597 83712
7.24882 83737
7.2525 83762
7.25699 83787
7.25984 83812
7.26269 83837
7.26801 83862
7.27169 83887
7.27289 83911
7.27656 83935
7.27776 83959
7.28144 83983
7.28594 84007
7.28961 84031
7.29328 84055
7.29778 84079
7.30145 84103
7.30595 84127
7.30963 84151
7.31248 84175
7.31615 84199
7.319 84223
7.32267 84247
7.32552 84271
7.32837 84295
7.33287 84319
7.33407 84343
7.33774 84367
7.34059 84391
7.34427 84415
7.39408 84439
7.39858 84463
7.4039 84487
7.41005 84511
7.41455 84535
7.42069 84559
7.42766 84583
7.43463 84607
7.44243 84631
7.45022 84655
7.45801 84679
7.46416 84703
7.47195 84727
7.4781 84751
7.48424 84775
7.48792 84799
7.49241 84823
7.49609 84847
7.50223 84871
7.50673 84895
7.50958 84919
7.51408 84943
7.51775 84967
7.5239 84991
7.52675 85015
7.53042 85039
7.53574 85063
7.53942 85087
7.54227 85111
7.54594 85135
7.55044 85159
7.55411 85183
7.55696 85207
7.56228 85231
7.56596 85255
7.56798 85279
7.57165 85303
7.57368 85327
7.57653 85351
7.58103 85375
7.58305 85399
7.58508 85423
7.58875 85447
7.59407 85471
7.59775 85495
7.60224 85519
7.60592 85543
7.60877 85567
7.61244 85591
7.61529 85615
7.61896 85639
7.62181 85663
7.62466 85687
7.62916 85711
7.63119 85735
7.63486 85759
7.63771 85783
7.64138 85807
7.68626 85831
7.69076 85855
7.69525 85879
7.7014 85903
7.7059 85927
7.71122 85951
7.71819 85975
7.72433 85999
7.73213 86023
7.73992 86047
7.74854 86071
7.75468 86095
7.7633 86119
7.76945 86143
7.77559 86167
7.77927 86191
7.78376 86215
7.78826 86239
7.79441 86263
7.7989 86287
7.80175 86311
7.80625 86335
7.80992 86359
7.81607 86383
7.81974 86407
7.82342 86431
7.82874 86455
7.83241 86479
7.83526 86503
7.83894 86527
7.84426 86551
7.84793 86575
7.85078 86599
7.8561 86623
7.8606 86647
7.86263 86671
7.8663 86695
7.86832 86719
7.87117 86743
7.87567 86767
7.87852 86791
7.88055 86815
7.88422 86839
7.88625 86863
7.88992 86887
7.89359 86911
7.89809 86935
7.90176 86959
7.90461 86983
7.90911 87007
7.91196 87031
7.91564 87055
7.91848 87079
7.92133 87103
7.92583 87127
7.92786 87151
7.93153 87175
7.93438 87199
7.93805 87223
7.97881 87247
7.98248 87271
7.98698 87295
7.99312 87319
7.99762 87343
8.00294 87367
8.00909 87390
8.01524 87413
8.0222 87436
8.03 87459
8.03862 87482
8.04559 87505
8.0542 87528
8.06117 87551
8.06732 87574
8.07099 87597
8.07549 87620
8.07999 87643
8.08613 87666
8.09063 87689
8.09348 87712
8.09798 87735
8.10248 87758
8.10862 87781
8.11229 87804
8.11597 87827
8.12129 87850
8.12579 87873
8.12864 87896
8.13231 87919
8.13763 87942
8.14131 87965
8.14498 87988
8.1503 88011
8.1548 88034
8.15682 88057
8.1605 88080
8.16252 88103
8.1662 88126
8.17069 88149
8.17354 88172
8.17557 88195
8.17924 88218
8.18209 88241
8.18577 88264
8.18779 88287
8.18982 88310
8.19432 88333
8.19799 88356
8.20084 88379
8.20534 88402
8.20819 88425
8.21186 88448
8.21471 88471
8.21838 88494
8.22206 88517
8.22491 88540
8.22858 88563
8.23143 88586
8.2351 88609
8.27174 88632
8.27541 88655
8.27908 88678
8.28523 88701
8.28973 88724
8.29505 88747
8.30037 88770
8.30652 88793
8.31266 88816
8.32045 88839
8.32907 88862
8.33604 88885
8.34548 88908
8.35245 88931
8.35942 88954
8.3631 88977
8.36759 89000
8.37209 89023
8.37824 89046
8.38273 89069
8.38558 89092
8.39008 89115
8.39458 89138
8.40072 89161
8.4044 89184
8.4089 89207
8.41422 89230
8.41872 89253
8.42156 89276
8.42606 89299
8.43138 89322
8.43506 89345
8.43873 89368
8.44405 89391
8.44855 89414
8.45058 89437
8.45425 89460
8.4571 89483
8.46077 89506
8.46527 89529
8.46812 89552
8.47015 89575
8.47464 89598
8.47749 89621
8.48117 89644
8.48319 89667
8.48522 89690
8.48972 89713
8.49174 89736
8.49377 89759
8.49744 89782
8.50194 89805
8.50479 89828
8.50846 89851
8.51131 89874
8.51498 89897
8.51866 89920
8.52151 89943
8.52518 89966
8.52885 89989
8.53253 90012
8.56504 90035
8.56872 90058
8.57239 90081
8.57853 90104
8.58221 90127
8.58753 90150
8.59285 90173
8.59817 90196
8.60432 90219
8.61129 90242
8.61991 90265
8.62688 90288
8.63632 90311
8.64411 90334
8.65108 90357
8.65475 90380
8.65925 90403
8.66375 90426
8.66989 90449
8.67439 90472
8.67724 90495
8.68174 90518
8.68706 90541
8.69321 90564
8.69688 90587
8.70138 90610
8.7067 90633
8.7112 90656
8.71487 90679
8.71937 90702
8.72469 90725
8.72836 90748
8.73286 90771
8.73818 90794
8.74268 90817
8.74471 90840
8.74838 90863
8.75123 90886
8.7549 90909
8.7594 90932
8.76225 90955
8.7651 90978
8.76877 91001
8.77245 91024
8.77612 91047
8.77815 91070
8.78017 91093
8.78549 91116
8.78752 91139
8.78954 91162
8.79322 91184
8.79442 91206
8.79809 91228
8.80094 91250
8.80462 91272
8.80829 91294
8.81196 91316
8.81564 91338
8.81849 91360
8.82216 91382
8.82583 91404
8.82951 91426
8.85955 91448
8.86322 91470
8.8669 91492
8.87222 91514
8.87589 91536
8.88039 91558
8.88571 91580
8.89021 91602
8.89635 91624
8.90332 91646
8.91112 91668
8.91726 91690
8.92753 91712
8.93532 91734
8.94312 91756
8.94679 91778
8.95129 91800
8.95578 91822
8.96193 91844
8.96643 91866
8.96928 91888
8.97377 91910
8.9791 91932
8.98524 91954
8.98892 91976
8.99341 91998
8.99956 92020
9.00406 92042
9.00773 92064
9.01223 92086
9.01755 92108
9.02205 92130
9.02654 92152
9.03187 92174
9.03636 92196
9.03839 92218
9.04206 92240
9.04574 92262
9.04941 92284
9.05391 92306
9.05676 92328
9.05961 92350
9.06328 92372
9.06695 92394
9.07063 92416
9.07265 92438
9.0755 92460
9.08082 92482
9.08285 92504
9.08488 92526
9.08855 92548
9.09057 92570
9.09425 92592
9.09545 92614
9.09748 92636
9.10115 92658
9.10482 92680
9.1085 92702
9.11217 92724
9.11584 92746
9.11952 92768
9.12319 92790
9.12686 92812
9.15443 92834
9.15811 92856
9.16178 92878
9.16628 92900
9.16995 92922
9.17445 92944
9.17895 92966
9.18344 92988
9.18877 93010
9.19574 93032
9.20271 93054
9.20885 93076
9.21829 93098
9.22691 93120
9.2347 93142
9.2392 93164
9.2437 93186
9.2482 93208
9.25434 93230
9.25884 93252
9.26169 93274
9.26619 93296
9.27151 93318
9.27765 93340
9.28133 93362
9.28583 93384
9.29197 93406
9.29647 93428
9.30014 93450
9.30546 93472
9.31079 93494
9.31528 93516
9.31978 93538
9.3251 93560
9.3296 93582
9.33245 93604
9.33612 93626
9.3398 93648
9.34347 93670
9.34797 93692
9.35082 93714
9.35367 93736
9.35734 93758
9.36184 93780
9.36551 93802
9.36754 93824
9.37039 93846
9.37571 93868
9.37773 93890
9.37976 93912
9.38426 93934
9.38628 93956
9.38996 93978
9.39116 94000
9.39318 94022
9.39768 94044
9.40136 94066
9.40256 94088
9.40541 94110
9.40908 94132
9.41275 94154
9.41643 94176
9.4201 94198
9.42377 94220
9.44887 94242
9.45337 94264
9.45704 94286
9.46072 94308
9.46439 94330
9.46889 94352
9.47339 94374
9.47706 94396
9.48238 94418
9.48853 94440
9.49467 94462
9.50082 94484
9.50944 94506
9.51805 94528
9.52667 94550
9.53117 94572
9.53649 94594
9.54099 94616
9.54631 94638
9.55081 94660
9.55366 94682
9.55815 94704
9.56348 94726
9.56962 94748
9.57329 94770
9.57779 94792
9.58394 94814
9.58926 94836
9.59293 94858
9.59825 94880
9.60358 94902
9.60807 94924
9.6134 94946
9.61872 94968
9.62321 94990
9.62606 95012
9.62974 95034
9.63341 95056
9.63708 95078
9.64158 95100
9.64443 95122
9.64811 95144
9.65178 95166
9.65628 95188
9.65995 95210
9.66198 95232
9.66483 95254
9.67015 95276
9.673 95298
9.67502 95320
9.67952 95341
9.68155 95362
9.68522 95383
9.68642 95404
9.68927 95425
9.69377 95446
9.69744 95467
9.69864 95488
9.70149 95509
9.70599 95530
9.70719 95551
9.71004 95572
9.71372 95593
9.71739 95614
9.72106 95635
9.74369 95656
9.74819 95677
9.75186 95698
9.75553 95719
9.75921 95740
9.7637 95761
9.7682 95782
9.77188 95803
9.77637 95824
9.78252 95845
9.78784 95866
9.79399 95887
9.80178 95908
9.80957 95929
9.81819 95950
9.82351 95971
9.82883 95992
9.83333 96013
9.83865 96034
9.84315 96055
9.846 96076
9.8505 96097
9.85582 96118
9.86196 96139
9.86564 96160
9.87014 96181
9.87628 96202
9.8816 96223
9.88528 96244
9.89142 96265
9.89674 96286
9.90124 96307
9.90656 96328
9.91188 96349
9.91638 96370
9.91923 96391
9.92373 96412
9.9274 96433
9.93108 96454
9.93557 96475
9.93842 96496
9.9421 96517
9.94577 96538
9.95027 96559
9.95394 96580
9.95679 96601
9.95964 96622
9.96496 96643
9.96781 96664
9.96984 96685
9.97434 96706
9.97719 96727
9.98086 96748
9.98206 96769
9.98491 96790
9.98941 96811
9.99308 96832
9.99428 96853
9.99796 96874
10.0025 96895
10.0037 96916
10.0065 96937
10.0085 96958
10.0114 96979
10.0142 97000
10.0179 97021
10.0389 97042
10.0434 97063
10.0471 97084
10.0507 97105
10.0544 97126
10.0589 97147
10.0634 97168
10.0671 97189
10.0716 97210
10.0769 97231
10.0822 97252
10.0875 97273
10.0945 97294
10.1015 97315
10.1101 97336
10.1154 97357
10.1216 97378
10.1261 97399
10.1314 97420
10.1359 97441
10.1387 97462
10.1432 97483
10.1485 97504
10.1547 97525
10.1584 97546
10.1629 97567
10.169 97588
10.1743 97609
10.178 97630
10.1841 97651
10.1895 97672
10.194 97693
10.2001 97714
10.2054 97735
10.2099 97756
10.2128 97777
10.2173 97798
10.2209 97819
10.2246 97840
10.2291 97861
10.232 97882
10.2356 97903
10.2393 97924
10.2446 97945
10.2483 97966
10.2512 97987
10.254 98008
10.2593 98029
10.2622 98050
10.265 98071
10.2695 98092
10.2724 98113
10.2761 98134
10.2773 98155
10.2809 98176
10.2854 98197
10.2891 98218
10.2903 98239
10.294 98260
10.2985 98281
10.2997 98302
10.3033 98323
10.3054 98344
10.3082 98365
10.3111 98386
10.3147 98407
10.3168 98428
10.3345 98449
10.339 98470
10.3426 98491
10.3463 98512
10.35 98533
10.3545 98554
10.359 98575
10.3626 98596
10.3671 98617
10.3716 98638
10.377 98659
10.3815 98680
10.3884 98701
10.3946 98722
10.4024 98743
10.4077 98764
10.4138 98785
10.4192 98806
10.4245 98827
10.429 98848
10.4318 98869
10.4363 98890
10.4416 98911
10.4478 98932
10.4515 98953
10.456 98974
10.4613 98995
10.4666 99016
10.4711 99037
10.4772 99058
10.4826 99079
10.4871 99100
10.4932 99121
10.4985 99142
10.503 99163
10.5059 99184
10.5104 99205
10.5149 99226
10.5185 99247
10.5222 99268
10.5259 99289
10.5296 99310
10.5332 99331
10.5386 99352
10.5422 99373
10.5451 99394
10.5479 99415
10.5533 99436
10.5569 99457
10.5598 99478
10.5643 99499
10.5671 99520
10.5708 99541
10.5728 99562
10.5765 99583
10.581 99604
10.5847 99625
10.5859 99646
10.5904 99667
10.5949 99688
10.5969 99709
10.5997 99730
10.6018 99751
10.6046 99772
10.6075 99793
10.6111 99814
10.6132 99835
10.63 99856
10.6345 99876
10.6365 99896
10.6386 99916
10.6422 99936
10.6459 99956
10.6504 99976
10.6549 99996
10.6586 100016
10.6631 100036
10.6668 100056
10.6721 100076
10.6766 100096
10.6827 100116
10.6889 100136
10.6958 100156
10.7012 100176
10.7065 100196
10.7126 100216
10.718 100236
10.7224 100256
10.7253 100276
10.7298 100296
10.7351 100316
10.7404 100336
10.7449 100356
10.7486 100376
10.7539 100396
10.7593 100416
10.7638 100436
10.7699 100456
10.7752 100476
10.7797 100496
10.7859 100516
10.7912 100536
10.7965 100556
10.7994 100576
10.8039 100596
10.8083 100616
10.812 100636
10.8157 100656
10.8194 100676
10.823 100696
10.8267 100716
10.832 100736
10.8357 100756
10.8394 100776
10.8422 100796
10.8476 100816
10.8512 100836
10.8541 100856
10.8586 100876
10.8614 100896
10.8659 100916
10.868 100936
10.8716 100956
10.8761 100976
10.8798 100996
10.8818 101016
10.8863 101036
10.8908 101056
10.8928 101076
10.8957 101096
10.8977 101116
10.9014 101136
10.9042 101156
10.9079 101176
10.9099 101196
10.9251 101216
10.9296 101236
10.9317 101256
10.9345 101276
10.9357 101296
10.9386 101316
10.9422 101336
10.9467 101356
10.9512 101376
10.9541 101396
10.9586 101416
10.9623 101436
10.9676 101456
10.9721 101476
10.9782 101496
10.9835 101516
10.9897 101536
10.995 101556
11.0003 101576
11.0065 101596
11.0118 101616
11.0163 101636
11.02 101656
11.0236 101676
11.029 101696
11.0335 101716
11.038 101736
11.0416 101756
11.047 101776
11.0523 101796
11.0568 101816
11.0629 101836
11.0682 101856
11.0727 101876
11.0789 101896
11.0842 101916
11.0895 101936
11.0924 101956
11.0969 101976
11.1022 101996
11.1059 102016
11.1096 102036
11.1132 102056
11.1169 102076
11.1206 102096
11.1259 102116
11.1296 102136
11.1332 102156
11.1361 102176
11.1414 102196
11.1451 102216
11.1479 102236
11.1533 102256
11.1561 102276
11.1606 102296
11.1626 102316
11.1663 102336
11.1708 102356
11.1753 102376
11.1773 102396
11.1818 102416
11.1863 102436
11.1883 102456
11.1912 102476
11.194 102496
11.1977 102516
11.2006 102536
11.2042 102556
11.2063 102576
11.2207 102596
11.2251 102616
11.2272 102636
11.23 102656
11.2312 102676
11.2341 102696
11.2377 102716
11.2422 102736
11.2467 102756
11.2488 102776
11.2508 102796
11.2545 102816
11.2581 102836
11.2635 102856
11.268 102876
11.2741 102896
11.2786 102916
11.2848 102936
11.2892 102956
11.2946 102976
11.3007 102996
11.306 103016
11.3114 103036
11.315 103056
11.3187 103076
11.3232 103096
11.3277 103116
11.3322 103136
11.3359 103156
11.3404 103176
11.3457 103196
11.3502 103216
11.3563 103236
11.3617 103256
11.3662 103276
11.3723 103296
11.3776 103316
11.3829 103336
11.3858 103356
11.3903 103376
11.3956 103396
11.3993 103416
11.403 103436
11.4066 103456
11.4103 103476
11.414 103496
11.4193 103516
11.423 103536
11.4266 103556
11.4303 103576
11.4356 103596
11.4393 103616
11.4422 103636
11.4475 103656
11.4503 103676
11.4548 103696
11.4577 103716
11.4614 103736
11.4659 103756
11.4704 103776
11.4724 103796
11.4769 103816
11.4814 103836
11.4834 103856
11.4871 103876
11.4899 103896
11.4936 103916
11.4964 103936
11.5001 103956
11.5021 103976
11.5157 103996
11.5202 104016
11.5222 104036
11.5251 104056
11.5271 104076
11.53 104096
11.5336 104116
11.5381 104136
11.5426 104156
11.5446 104176
11.5467 104196
11.5503 104216
11.5516 104236
11.5544 104256
11.5597 104276
11.5642 104296
11.5695 104316
11.574 104336
11.5802 104356
11.5847 104376
11.5892 104396
11.5953 104416
11.6006 104436
11.6068 104456
11.6105 104476
11.6141 104496
11.6178 104516
11.6223 104536
11.6268 104556
11.6305 104576
11.635 104596
11.6395 104616
11.644 104636
11.6501 104656
11.6546 104676
11.6599 104696
11.6653 104716
11.6706 104736
11.6759 104756
11.6796 104776
11.6841 104796
11.6894 104816
11.6931 104836
11.6967 104855
11.7004 104874
11.7041 104893
11.7078 104912
11.7131 104931
11.7168 104950
11.7204 104969
11.7241 104988
11.7294 105007
11.7331 105026
11.736 105045
11.7413 105064
11.7449 105083
11.7494 105102
11.7523 105121
11.756 105140
11.7605 105159
11.765 105178
11.7678 105197
11.7715 105216
11.776 105235
11.7788 105254
11.7825 105273
11.7854 105292
11.789 105311
11.7919 105330
11.7956 105349
11.7976 105368
11.8103 105387
11.8148 105406
11.8168 105425
11.8205 105444
11.8225 105463
11.8254 105482
11.8291 105501
11.8336 105520
11.8381 105539
11.8401 105558
11.8421 105577
11.8458 105596
11.8478 105615
11.8507 105634
11.8519 105653
11.8564 105672
11.8609 105691
11.8654 105710
11.8698 105729
11.876 105748
11.8805 105767
11.8842 105786
11.8903 105805
11.8956 105824
11.9026 105843
11.9063 105862
11.9091 105881
11.9128 105900
11.9173 105919
11.9218 105938
11.9255 105957
11.93 105976
11.9336 105995
11.9381 106014
11.9435 106033
11.948 106052
11.9533 106071
11.9586 106090
11.9639 106109
11.9692 106128
11.9729 106147
11.9774 106166
11.9827 106185
11.9864 106204
11.9909 106223
11.9946 106242
11.9983 106261
12.0019 106280
12.0072 106299
12.0109 106318
12.0146 106337
12.0183 106356
12.0236 106375
12.0273 106394
12.0301 106413
12.0354 106432
12.0391 106451
12.0436 106470
12.0465 106489
12.0501 106508
12.0555 106527
12.06 106546
12.0628 106565
12.0665 106584
12.071 106603
12.0738 106622
12.0775 106641
12.0803 106660
12.084 106679
12.0869 106698
12.0905 106717
12.0934 106736
12.1053 106755
12.1098 106774
12.1118 106793
12.1155 106812
12.1175 106831
12.1204 106850
12.124 106869
12.1285 106888
12.133 106907
12.1359 106926
12.1379 106945
12.1416 106964
12.1436 106983
12.1465 107002
12.1485 107021
12.153 107040
12.1567 107059
12.1612 107078
12.1632 107097
12.166 107116
12.1722 107135
12.1767 107154
12.1795 107173
12.1857 107192
12.191 107211
12.198 107230
12.2025 107249
12.2045 107268
12.2082 107287
12.2127 107306
12.2172 107325
12.2208 107344
12.2253 107363
12.229 107382
12.2335 107401
12.238 107420
12.2425 107439
12.2478 107458
12.2523 107477
12.2576 107496
12.263 107515
12.2666 107534
12.2711 107553
12.2765 107572
12.2801 107591
12.2846 107610
12.2891 107629
12.2928 107648
12.2956 107667
12.301 107686
12.3046 107705
12.3083 107724
12.312 107743
12.3173 107762
12.321 107781
12.3247 107800
12.3292 107819
12.3337 107838
12.3381 107857
12.341 107876
12.3447 107895
12.35 107914
12.3545 107933
12.3573 107952
12.361 107971
12.3655 107990
12.3684 108009
12.372 108028
12.3757 108047
12.3794 108066
12.3822 108085
12.3859 108104
12.3888 108123
12.3998 108142
12.4043 108161
12.4064 108180
12.41 108199
12.4129 108218
12.4157 108237
12.4194 108256
12.4239 108275
12.4284 108294
12.4313 108313
12.4333 108332
12.437 108351
12.439 108370
12.4427 108389
12.4447 108408
12.4492 108427
12.4529 108446
12.4574 108465
12.4594 108484
12.4622 108503
12.4684 108522
12.472 108541
12.4741 108560
12.4753 108579
12.4814 108598
12.4867 108617
12.4937 108636
12.4982 108655
12.5002 108674
12.5039 108693
12.5084 108712
12.5129 108731
12.5166 108750
12.5211 108769
12.5247 108788
12.5292 108807
12.5329 108826
12.5374 108845
12.5427 108864
12.5472 108883
12.5517 108902
12.5571 108921
12.5607 108940
12.5652 108959
12.5705 108978
12.5742 108997
12.5787 109016
12.5832 109035
12.5869 109054
12.5897 109073
12.5951 109092
12.5987 109111
12.6024 109130
12.6061 109149
12.6114 109168
12.6151 109187
12.6188 109206
12.6232 109225
12.6277 109244
12.6322 109263
12.6351 109282
12.6388 109301
12.6441 109320
12.6486 109339
12.6523 109358
12.6559 109377
12.6604 109396
12.6633 109415
12.667 109434
12.6706 109453
12.6743 109472
12.6772 109491
12.6808 109510
12.6837 109529
12.6939 109548
12.6984 109567
12.7013 109586
12.705 109605
12.7078 109624
12.7107 109643
12.7143 109662
12.7188 109681
12.7233 109700
12.7262 109719
12.7282 109738
12.7319 109757
12.7347 109776
12.7384 109795
12.7404 109814
12.7449 109833
12.7486 109852
12.7531 109871
12.7551 109890
12.758 109909
12.7641 109928
12.7678 109947
12.7698 109966
12.771 109985
12.7772 110004
12.7825 110023
12.7845 110042
12.7898 110061
12.7943 110080
12.7964 110099
12.8 110118
12.8045 110137
12.809 110156
12.8127 110175
12.8172 110194
12.8209 110213
12.8245 110232
12.8282 110251
12.8327 110270
12.838 110289
12.8425 110308
12.847 110327
12.8515 110346
12.856 110365
12.8597 110383
12.865 110401
12.8687 110419
12.8732 110437
12.8777 110455
12.8814 110473
12.8842 110491
12.8895 110509
12.8932 110527
12.8969 110545
12.9006 110563
12.9059 110581
12.9095 110599
12.9132 110617
12.9177 110635
12.9222 110653
12.9267 110671
12.9296 110689
12.9332 110707
12.9386 110725
12.9431 110743
12.9467 110761
12.9504 110779
12.9549 110797
12.9578 110815
12.9614 110833
12.9651 110851
12.9696 110869
12.9724 110887
12.9761 110905
12.979 110923
12.9884 110941
12.9929 110959
12.9958 110977
12.9994 110995
13.0023 111013
13.0051 111031
13.0096 111049
13.0141 111067
13.0186 111085
13.0215 111103
13.0235 111121
13.0272 111139
13.03 111157
13.0337 111175
13.0357 111193
13.0402 111211
13.0439 111229
13.0484 111247
13.0504 111265
13.0541 111283
13.0594 111301
13.0631 111319
13.0651 111337
13.0671 111355
13.0725 111373
13.0786 111391
13.0806 111409
13.086 111427
13.0872 111445
13.0908 111463
13.0929 111481
13.0965 111499
13.101 111517
13.1055 111535
13.1092 111553
13.1137 111571
13.1165 111589
13.1202 111607
13.1239 111625
13.1284 111643
13.1337 111661
13.1382 111679
13.1427 111697
13.1464 111715
13.1517 111733
13.1554 111751
13.1599 111769
13.1635 111787
13.168 111805
13.1725 111823
13.1762 111841
13.1791 111859
13.1844 111877
13.1881 111895
13.1917 111913
13.1954 111931
13.2007 111949
13.2044 111967
13.2081 111985
13.2126 112003
13.2171 112021
13.2216 112039
13.2244 112057
13.2281 112075
13.2334 112093
13.2379 112111
13.2416 112129
13.2453 112147
13.2498 112165
13.2526 112183
13.2563 112201
13.2599 112219
13.2644 112237
13.2673 112255
13.271 112273
13.2738 112291
13.2833 112309
13.2878 112327
13.2906 112345
13.2943 112363
13.2971 112381
13.3 112399
13.3045 112417
13.309 112435
13.3135 112453
13.3163 112471
13.3183 112489
13.322 112507
13.3257 112525
13.3294 112543
13.3314 112561
13.3359 112579
13.3396 112597
13.3441 112615
13.3461 112633
13.3498 112651
13.3551 112669
13.3588 112687
13.3608 112705
13.3628 112723
13.3681 112741
13.3743 112759
13.3763 112777
13.3816 112795
13.3836 112813
13.3873 112831
13.3893 112849
13.393 112867
13.3942 112885
13.3979 112903
13.4024 112921
13.4061 112939
13.4097 112957
13.4126 112975
13.4163 112993
13.4199 113011
13.4244 113029
13.4298 113047
13.4343 113065
13.4388 113083
13.4424 113101
13.4477 113119
13.4514 113137
13.4551 113155
13.4588 113173
13.4633 113191
13.4678 113209
13.4714 113227
13.4743 113245
13.4796 113263
13.4833 113281
13.487 113299
13.4906 113317
13.496 113335
13.4996 113353
13.5033 113371
13.5078 113389
13.5115 113407
13.516 113425
13.5196 113443
13.5233 113461
13.5286 113479
13.5331 113497
13.5368 113515
13.5405 113533
13.545 113551
13.5478 113569
13.5515 113587
13.5552 113605
13.5597 113623
13.5625 113641
13.5662 113659
13.569 113677
13.5785 113695
13.5822 113713
13.5858 113731
13.5895 113749
13.5924 113767
13.5952 113785
13.5997 113803
13.6042 113821
13.6087 113839
13.6116 113857
13.6136 113875
13.6172 113893
13.6209 113911
13.6246 113929
13.6266 113947
13.6311 113965
13.6348 113983
13.6393 114001
13.6413 114019
13.645 114037
13.6503 114055
13.654 114073
13.656 114091
13.6589 114109
13.6634 114127
13.6703 114145
13.6724 114163
13.6777 114181
13.6797 114199
13.6834 114217
13.6854 114235
13.6891 114253
13.6911 114271
13.6939 114289
13.6984 114307
13.7021 114325
13.7058 114343
13.7078 114361
13.7098 114379
13.7127 114397
13.7164 114415
13.7209 114433
13.7262 114451
13.7307 114469
13.7344 114487
13.738 114505
13.7434 114523
13.747 114541
13.7507 114559
13.7544 114577
13.7589 114595
13.7634 114613
13.767 114631
13.7707 114649
13.7752 114667
13.7789 114685
13.7826 114703
13.7862 114721
13.7916 114739
13.7952 114757
13.7989 114775
13.8026 114793
13.8063 114811
13.8107 114829
13.8144 114847
13.8181 114865
13.8234 114883
13.8279 114901
13.8316 114919
13.8353 114937
13.8398 114955
13.8426 114973
13.8463 114991
13.8508 115009
13.8553 115027
13.8581 115045
13.8618 115063
13.8647 115081
13.8733 115099
13.8769 115117
13.8806 115135
13.8843 115153
13.8871 115171
13.8908 115189
13.8945 115207
13.899 115225
13.9035 115243
13.9063 115261
13.9092 115279
13.9129 115297
13.9165 115315
13.9202 115333
13.9222 115351
13.9267 115369
13.9304 115387
13.9349 115405
13.9369 115423
13.9406 115441
13.9459 115459
13.9496 115477
13.9516 115495
13.9545 115513
13.959 115531
13.9659 115549
13.968 115567
13.9733 115585
13.9753 115603
13.979 115621
13.981 115639
13.9847 115657
13.9875 115675
13.9904 115693
13.9949 115711
13.9985 115729
14.0022 115747
14.0042 115765
14.0063 115783
14.0091 115801
14.0103 115819
14.0132 115837
14.0177 115855
14.023 115873
14.0275 115891
14.0303 115909
14.034 115927
14.0393 115945
14.043 115963
14.0467 115981
14.0504 115999
14.0549 116017
14.0594 116035
14.063 116053
14.0667 116071
14.0712 116089
14.0749 116107
14.0785 116125
14.0822 116143
14.0875 116161
14.0912 116179
14.0949 116197
14.0986 116215
14.1014 116233
14.1059 116251
14.1096 116269
14.1133 116287
14.1186 116305
14.1231 116323
14.1267 116341
14.1304 116359
14.1349 116377
14.1378 116395
14.1414 116413
14.1459 116431
14.1504 116449
14.1533 116467
14.157 116485
14.1598 116502
14.1684 116519
14.1721 116536
14.1758 116553
14.1794 116570
14.1823 116587
14.186 116604
14.1896 116621
14.1941 116638
14.1986 116655
14.2015 116672
14.2043 116689
14.208 116706
14.2117 116723
14.2154 116740
14.2182 116757
14.2227 116774
14.2264 116791
14.2301 116808
14.2329 116825
14.2366 116842
14.2419 116859
14.2456 116876
14.2476 116893
14.2504 116910
14.2549 116927
14.2619 116944
14.2639 116961
14.2693 116978
14.2713 116995
14.275 117012
14.277 117029
14.2807 117046
14.2835 117063
14.2864 117080
14.2909 117097
14.2945 117114
14.2982 117131
14.3002 117148
14.3023 117165
14.3051 117182
14.3071 117199
14.31 117216
14.3145 117233
14.3157 117250
14.3202 117267
14.3239 117284
14.3267 117301
14.3304 117318
14.3357 117335
14.3394 117352
14.343 117369
14.3467 117386
14.3512 117403
14.3557 117420
14.3594 117437
14.3631 117454
14.3676 117471
14.3712 117488
14.3749 117505
14.3786 117522
14.3839 117539
14.3876 117556
14.3912 117573
14.3949 117590
14.3978 117607
14.4014 117624
14.4051 117641
14.4088 117658
14.4141 117675
14.4186 117692
14.4223 117709
14.426 117726
14.4305 117743
14.4333 117760
14.437 117777
14.4415 117794
14.446 117811
14.4488 117828
14.4525 117845
14.4553 117862
14.4631 117879
14.4668 117896
14.4705 117913
14.475 117930
14.4778 117947
14.4815 117964
14.4852 117981
14.4897 117998
14.4934 118015
14.497 118032
14.4999 118049
14.5035 118066
14.5072 118083
14.5109 118100
14.5137 118117
14.5182 118134
14.5219 118151
14.5256 118168
14.5284 118185
14.5321 118202
14.5374 118219
14.5411 118236
14.5431 118253
14.546 118270
14.5505 118287
14.5575 118304
14.5595 118321
14.5648 118338
14.5676 118355
14.5705 118372
14.5733 118389
14.577 118406
14.5799 118423
14.5827 118440
14.5872 118457
14.5909 118474
14.5946 118491
14.5966 118508
14.5986 118525
14.6015 118542
14.6035 118559
14.6063 118576
14.6108 118593
14.612 118610
14.6165 118627
14.6202 118644
14.6231 118661
14.6251 118678
14.6271 118695
14.6324 118712
14.6361 118729
14.6398 118746
14.6435 118763
14.648 118780
14.6524 118797
14.6561 118814
14.6598 118831
14.6643 118848
14.668 118865
14.6716 118882
14.6753 118899
14.6806 118916
14.6843 118933
14.688 118950
14.6917 118967
14.6945 118984
14.6974 119001
14.701 119018
14.7047 119035
14.71 119052
14.7145 119069
14.7174 119086
14.721 119103
14.7255 119120
14.7284 119137
14.7321 119154
14.7366 119171
14.7411 119188
14.7447 119205
14.7484 119222
14.7513 119239
14.7582 119256
14.7619 119273
14.7656 119290
14.7701 119307
14.7729 119324
14.7766 119341
14.7803 119358
14.7848 119375
14.7884 119392
14.7921 119409
14.795 119426
14.7986 119443
14.8023 119460
14.8068 119477
14.8097 119494
14.8133 119511
14.8178 119528
14.8207 119545
14.8244 119562
14.828 119579
14.8333 119596
14.837 119613
14.839 119630
14.8419 119647
14.8464 119664
14.8534 119681
14.8554 119698
14.8607 119715
14.8636 119732
14.8664 119749
14.8693 119766
14.8729 119783
14.8758 119800
14.8786 119817
14.8831 119834
14.8868 119851
14.8905 119868
14.8925 119885
14.8954 119902
14.8982 119919
14.9002 119936
14.9031 119953
14.9076 119970
14.9088 119987
14.9133 120004
14.9169 120021
14.9198 120038
14.9218 120055
14.9238 120072
14.9292 120089
14.9328 120106
14.9365 120123
14.9377 120140
14.9406 120157
14.9451 120174
14.9496 120191
14.9532 120208
14.9569 120225
14.9614 120242
14.9651 120259
14.9688 120276
14.9724 120293
14.9778 120310
14.9814 120327
14.9851 120344
14.9888 120361
14.9916 120378
14.9936 120395
14.9973 120412
15.001 120429
15.0063 120446
15.0108 120463
15.0137 120480
15.0165 120497
15.0218 120514
15.0247 120531
15.0284 120548
15.032 120565
15.0365 120582
15.0402 120599
15.0439 120616
15.0467 120633
15.0537 120650
15.0574 120667
15.061 120684
15.0655 120701
15.0684 120718
15.0721 120735
15.0757 120752
15.0802 120769
15.0839 120786
15.0876 120803
15.0904 120820
15.0941 120837
15.0978 120854
15.1023 120871
15.1051 120888
15.1088 120905
15.1133 120922
15.1161 120939
15.1198 120956
15.1235 120973
15.1288 120990
15.1325 121007
15.1345 121024
15.1374 121041
15.1419 121058
15.1488 121075
15.1509 121092
15.1562 121109
15.159 121126
15.1619 121143
15.1647 121160
15.1684 121177
15.1721 121194
15.1749 121211
15.1794 121228
15.1831 121245
15.1868 121262
15.1888 121279
15.1916 121296
15.1945 121313
15.1965 121330
15.1994 121347
15.2039 121364
15.2059 121381
15.2096 121398
15.2132 121415
15.2169 121432
15.2189 121449
15.221 121466
15.2263 121483
15.23 121500
15.2336 121517
15.2357 121534
15.2377 121551
15.2422 121568
15.2467 121585
15.2479 121602
15.2507 121619
15.2544 121636
15.2589 121653
15.2626 121670
15.2662 121687
15.2699 121704
15.2752 121721
15.2789 121738
15.2826 121755
15.2854 121772
15.2883 121789
15.2903 121806
15.294 121823
15.2977 121840
15.303 121857
15.3075 121874
15.3103 121891
15.3132 121908
15.3185 121925
15.3214 121942
15.325 121959
15.3287 121976
15.3324 121993
15.336 122010
15.3397 122027
15.3426 122044
15.3495 122061
15.3532 122078
15.3569 122095
15.3614 122112
15.3642 122129
15.3679 122146
15.3716 122163
15.3761 122180
15.3798 122197
15.3826 122214
15.3863 122231
15.39 122248
15.3936 122265
15.3981 122282
15.401 122299
15.4046 122316
15.4091 122333
15.412 122350
15.4157 122367
15.4193 122384
15.4247 122401
15.4283 122418
15.4304 122435
15.4332 122452
15.4377 122469
15.4447 122486
15.4467 122503
15.452 122520
15.4549 122537
15.4577 122554
15.4606 122571
15.4642 122588
15.4679 122605
15.4708 122622
15.4753 122639
15.4789 122656
15.4826 122673
15.4846 122690
15.4875 122707
15.4912 122724
15.4932 122741
15.496 122758
15.5005 122775
15.5026 122792
15.5062 122809
15.5099 122826
15.5136 122843
15.5156 122860
15.5185 122877
15.523 122894
15.5266 122911
15.5303 122928
15.5323 122945
15.5352 122962
15.5397 122979
15.5442 122996
15.5454 123013
15.5482 123030
15.5519 123047
15.5531 123064
15.5568 123081
15.5604 123098
15.5641 123115
15.5678 123132
15.5731 123149
15.5768 123166
15.5796 123183
15.5825 123200
15.5853 123217
15.5874 123234
15.591 123251
15.5947 123268
15.6 123285
15.6045 123302
15.6074 123319
15.6102 123336
15.6156 123352
15.6184 123368
15.6221 123384
15.6257 123400
15.6286 123416
15.6331 123432
15.6368 123448
15.6388 123464
15.6458 123480
15.6494 123496
15.6531 123512
15.6568 123528
15.6605 123544
15.6641 123560
15.6678 123576
15.6723 123592
15.6752 123608
15.678 123624
15.6817 123640
15.6853 123656
15.689 123672
15.6935 123688
15.6972 123704
15.7 123720
15.7045 123736
15.7082 123752
15.7111 123768
15.7147 123784
15.7201 123800
15.7237 123816
15.7258 123832
15.7294 123848
15.7331 123864
15.7401 123880
15.7421 123896
15.7474 123912
15.7503 123928
15.7531 123944
15.7568 123960
15.7605 123976
15.7641 123992
15.767 124008
15.7707 124024
15.7743 124040
15.778 124056
15.7809 124072
15.7837 124088
15.7874 124104
15.7894 124120
15.7923 124136
15.7968 124152
15.7988 124168
15.8025 124184
15.8061 124200
15.8098 124216
15.8127 124232
15.8155 124248
15.8192 124264
15.8229 124280
15.8265 124296
15.8294 124312
15.8322 124328
15.8367 124344
15.8412 124360
15.8424 124376
15.8453 124392
15.8489 124408
15.851 124424
15.8546 124440
15.8558 124456
15.8587 124472
15.8615 124488
15.8652 124504
15.8705 124520
15.8742 124536
15.8771 124552
15.8799 124568
15.8828 124584
15.8848 124600
15.8885 124616
15.8921 124632
15.8975 124648
15.902 124664
15.9048 124680
15.9077 124696
15.913 124712
15.9158 124728
15.9195 124744
15.9232 124760
15.926 124776
15.9305 124792
15.9342 124808
15.9362 124824
15.9424 124840
15.946 124856
15.9489 124872
15.9526 124888
15.9562 124904
15.9599 124920
15.9636 124936
15.9681 124952
15.9709 124968
15.9738 124984
15.9775 125000
15.9811 125016
15.9848 125032
15.9893 125048
15.993 125064
15.9958 125080
16.0003 125096
16.004 125112
16.0068 125128
16.0105 125144
16.0158 125160
16.0195 125176
16.0215 125192
16.0252 125208
16.0289 125224
16.0359 125240
16.0379 125256
16.0432 125272
16.046 125288
16.0489 125304
16.0526 125320
16.0562 125336
16.0599 125352
16.0628 125368
16.0664 125384
16.0701 125400
16.0738 125416
16.0766 125432
16.0795 125448
16.0832 125464
16.086 125480
16.0889 125496
16.0934 125512
16.0954 125528
16.0991 125544
16.1027 125560
16.1064 125576
16.1093 125592
16.1121 125608
16.1158 125624
16.1195 125640
16.1231 125656
16.126 125672
16.1296 125688
16.1333 125704
16.1378 125720
16.1398 125736
16.1427 125752
16.1464 125768
16.1484 125784
16.1521 125800
16.1541 125816
16.1561 125832
16.159 125848
16.1626 125864
16.168 125880
16.1716 125896
16.1728 125912
16.1757 125928
16.1777 125944
16.1806 125960
16.1826 125976
16.1863 125992
16.1899 126008
16.1953 126024
16.1998 126040
16.2026 126056
16.2055 126072
16.21 126088
16.2136 126104
16.2173 126120
16.2201 126136
16.2238 126152
16.2275 126168
16.232 126184
16.234 126200
16.2393 126216
16.243 126232
16.2459 126248
16.2495 126264
16.2524 126280
16.2561 126296
16.2606 126312
16.2651 126328
16.2671 126344
16.2699 126360
16.2736 126376
16.2773 126392
16.281 126408
16.2854 126424
16.2891 126440
16.292 126456
16.2965 126472
16.3001 126488
16.303 126504
16.3067 126520
16.312 126536
16.3157 126552
16.3177 126568
16.3214 126584
16.325 126600
16.332 126616
16.334 126632
16.3385 126648
16.3422 126664
16.3451 126680
16.3487 126696
16.3524 126712
16.3561 126728
16.3589 126744
16.3626 126760
16.3663 126776
16.3699 126792
16.3728 126808
16.3756 126824
16.3793 126840
16.3822 126856
16.385 126872
16.3895 126888
16.3915 126904
16.3952 126920
16.3989 126936
16.4026 126952
16.4054 126968
16.4091 126984
16.4119 127000
16.4156 127016
16.4193 127032
16.423 127048
16.4266 127064
16.4303 127080
16.4348 127096
16.4368 127112
16.4397 127128
16.4433 127144
16.4454 127160
16.449 127176
16.4511 127192
16.4531 127208
16.4568 127224
16.4604 127240
16.4649 127256
16.4686 127272
16.4698 127288
16.4735 127304
16.4755 127320
16.4784 127336
16.4804 127352
16.4824 127368
16.4844 127384
16.4881 127400
16.4934 127416
16.4971 127432
16.5 127448
16.5036 127464
16.5073 127480
16.511 127496
16.5147 127512
16.5175 127528
16.5212 127544
16.5249 127560
16.5293 127576
16.5314 127592
16.5367 127608
16.5404 127624
16.5432 127640
16.5469 127656
16.5497 127672
16.5534 127688
16.5579 127704
16.5624 127720
16.5636 127736
16.5673 127752
16.5701 127768
16.5738 127784
16.5775 127800
16.5812 127816
16.5857 127832
16.5885 127848
16.593 127864
16.5967 127880
16.5995 127896
16.6032 127912
16.6077 127928
16.6114 127944
16.6142 127960
16.6179 127976
16.6216 127992
16.6277 128008
16.6297 128024
16.6342 128040
16.6379 128056
16.6408 128072
16.6444 128088
16.6481 128104
16.6518 128120
16.6555 128136
16.6583 128152
16.662 128168
16.6656 128184
16.6685 128200
16.6713 128216
16.675 128232
16.6787 128248
16.6815 128264
16.686 128280
16.6881 128296
16.6917 128312
16.6954 128328
16.6991 128344
16.7019 128360
16.7056 128376
16.7085 128392
16.7121 128408
16.7158 128424
16.7195 128440
16.7232 128456
16.7268 128472
16.7313 128488
16.7334 128504
16.7362 128520
16.7399 128536
16.7419 128552
16.7456 128568
16.7484 128584
16.7505 128600
16.7541 128616
16.7578 128632
16.7623 128648
16.7651 128664
16.7672 128680
16.7708 128696
16.7729 128712
16.7757 128728
16.7777 128744
16.7806 128760
16.7826 128776
16.7863 128792
16.7908 128808
16.7945 128824
16.7965 128840
16.7985 128856
16.8014 128872
16.805 128888
16.8087 128904
16.8124 128920
16.8152 128936
16.8189 128952
16.8226 128968
16.8271 128984
16.8291 129000
16.8344 129016
16.8381 129032
16.841 129048
16.8446 129064
16.8475 129080
16.8511 129096
16.8556 129112
16.8593 129128
16.8613 129144
16.865 129160
16.867 129176
16.8707 129192
16.8744 129208
16.8781 129224
16.8826 129240
16.8854 129256
16.8899 129272
16.8928 129288
16.8956 129304
16.8993 129320
16.9038 129336
16.9075 129352
16.9103 129368
16.914 129384
16.9177 129400
16.9238 129416
16.9258 129432
16.9303 129448
16.934 129464
16.9368 129480
16.9405 129496
16.9442 129512
16.9479 129528
16.9515 129544
16.9544 129560
16.9581 129576
16.9617 129592
16.9646 129608
16.9674 129624
16.9711 129640
16.9748 129656
16.9776 129672
16.9821 129688
16.9842 129704
16.9878 129720
16.9915 129736
16.9952 129752
16.998 129768
17.0017 129784
17.0045 129800
17.0082 129816
17.0119 129832
17.0164 129848
17.0192 129864
17.0237 129880
17.0274 129896
17.0303 129912
17.0331 129928
17.0368 129944
17.0388 129960
17.0425 129976
17.0453 129992
17.0474 130008
17.051 130024
17.0547 130040
17.0592 130056
17.0621 130072
17.0641 130088
17.0653 130104
17.0677 130120
17.0698 130136
17.0719 130152
17.0748 130168
17.0769 130184
17.0798 130200
17.0819 130216
17.0864 130232
17.0894 130248
17.0914 130264
17.0929 130280
17.096 130296
17.0997 130312
17.1034 130328
17.107 130344
17.1093 130360
17.113 130376
17.1159 130392
17.1204 130408
17.1218 130424
17.1271 130440
17.1272 130456
17.13 130472
17.1329 130488
17.1391 130504
17.1428 130520
17.1466 130536
17.1495 130552
17.1508 130568
17.1545 130584
17.1546 130600
17.1599 130616
17.1604 130632
17.1641 130648
17.1678 130664
17.1749 130680
17.1754 130696
17.1808 130712
17.184 130728
17.1874 130744
17.1919 130760
17.192 130776
17.1948 130792
17.1977 130808
17.2048 130824
17.2054 130840
17.2124 130856
17.214 130872
17.2214 130888
17.2219 130904
17.2227 130920
17.2272 130936
17.2317 130952
17.238 130968
17.2385 130984
17.2455 131000
17.246 131016
17.2513 131032
17.2518 131048
17.2539 131063
17.258 131078
17.2606 131093
17.2647 131108
17.268 131123
17.2746 131138
17.2752 131153
17.282 131168
17.2826 131183
17.2887 131198
17.2892 131213
17.2905 131228
17.2953 131243
17.298 131258
17.3038 131273
17.3054 131288
17.3104 131303
17.3129 131318
17.3171 131333
17.3196 131348
17.3229 131363
17.3261 131378
17.3287 131393
17.3329 131408
17.3345 131423
17.3379 131438
17.3412 131453
17.3462 131468
17.3478 131483
17.3503 131498
17.352 131513
17.3537 131528
17.357 131543
17.3578 131558
17.362 131573
17.3637 131588
17.3662 131603
17.3679 131618
17.3737 131633
17.3753 131648
17.3778 131663
17.3795 131678
17.382 131693
17.387 131708
17.3903 131723
17.3944 131738
17.3953 131753
17.4003 131768
17.4019 131783
17.4069 131798
17.4094 131813
17.4136 131828
17.4161 131843
17.4194 131858
17.4227 131873
17.4252 131888
17.4302 131903
17.4327 131918
17.436 131933
17.4385 131948
17.4402 131963
17.4435 131978
17.446 131993
17.4502 132008
17.451 132023
17.4568 132038
17.4609 132053
17.4643 132068
17.4668 132083
17.4701 132098
17.4734 132113
17.4743 132128
17.4809 132143
17.4817 132158
17.4867 132173
17.4909 132188
17.4967 132203
17.4983 132218
17.5 132233
17.5075 132248
17.5091 132263
17.5133 132278
17.5141 132293
17.5199 132308
17.5241 132323
17.5266 132338
17.5315 132353
17.5332 132368
17.5365 132383
17.5374 132398
17.5415 132413
17.5457 132428
17.549 132443
17.5515 132458
17.5548 132473
17.5565 132488
17.5615 132503
17.5648 132518
17.5698 132533
17.5731 132548
17.5756 132563
17.5789 132578
17.5822 132593
17.5856 132608
17.5905 132623
17.5939 132638
17.5972 132653
17.598 132668
17.603 132683
17.6047 132698
17.6097 132713
17.613 132728
17.6163 132743
17.618 132758
17.6221 132773
17.6238 132788
17.6255 132803
17.6321 132818
17.6338 132833
17.6371 132848
17.6396 132863
17.6421 132878
17.6446 132893
17.6471 132908
17.6496 132923
17.6513 132938
17.6546 132953
17.6563 132968
17.6596 132983
17.6613 132998
17.6654 133013
17.6663 133028
17.6704 133043
17.6738 133058
17.6771 133073
17.6804 133088
17.6821 133103
17.6862 133118
17.6879 133133
17.6945 133148
17.6962 133163
17.7012 133178
17.7028 133193
17.7062 133208
17.707 133223
17.7103 133238
17.717 133253
17.7186 133268
17.7236 133283
17.7253 133298
17.7278 133313
17.7295 133328
17.7328 133343
17.7345 133358
17.7378 133373
17.7411 133388
17.7444 133403
17.7486 133418
17.7503 133433
17.7569 133448
17.7585 133463
17.7619 133478
17.7652 133493
17.7694 133508
17.771 133523
17.7743 133538
17.7793 133553
17.7843 133568
17.7876 133583
17.7893 133598
17.7967 133613
17.7984 133628
17.8017 133643
17.8051 133658
17.8067 133673
17.8125 133688
17.8142 133703
17.8208 133718
17.8225 133733
17.8258 133748
17.8283 133763
17.8317 133778
17.8333 133793
17.835 133808
17.84 133823
17.8416 133838
17.8483 133853
17.8499 133868
17.8557 133883
17.8574 133898
17.8624 133913
17.8641 133928
17.869 133943
17.8707 133958
17.8724 133973
17.8782 133988
17.8799 134003
17.8865 134018
17.8881 134033
17.8915 134048
17.8932 134063
17.899 134078
17.9006 134093
17.9039 134108
17.9073 134123
17.9089 134138
17.9123 134153
17.9156 134168
17.9197 134183
17.9214 134198
17.9264 134213
17.9281 134228
17.9297 134243
17.9339 134258
17.9347 134273
17.9389 134288
17.9397 134303
17.9431 134318
17.9456 134333
17.9489 134348
17.9506 134363
17.9522 134378
17.9556 134393
17.9572 134408
17.9614 134423
17.9647 134438
17.9697 134453
17.9714 134468
17.9747 134483
17.9772 134498
17.9822 134513
17.9838 134528
17.9888 134543
17.9921 134558
17.9938 134573
17.9971 134588
17.9988 134603
18.0046 134618
18.0079 134633
18.0129 134648
18.0146 134663
18.0162 134678
18.0196 134693
18.0212 134708
18.0246 134723
18.0262 134738
18.032 134753
18.0337 134768
18.037 134783
18.0404 134798
18.0437 134813
18.0462 134828
18.0495 134843
18.0545 134858
18.0562 134873
18.0611 134888
18.0644 134903
18.0719 134918
18.0736 134933
18.0769 134948
18.0802 134963
18.0835 134978
18.0869 134993
18.0877 135008
18.0943 135023
18.0977 135038
18.101 135053
18.106 135068
18.1093 135083
18.111 135098
18.1118 135113
18.1168 135128
18.1185 135143
18.1226 135158
18.1251 135173
18.1284 135188
18.1309 135203
18.1376 135218
18.1392 135233
18.1425 135248
18.1475 135263
18.1492 135278
18.1517 135293
18.155 135308
18.16 135323
18.1633 135338
18.1666 135353
18.1716 135368
18.1741 135383
18.1758 135398
18.1791 135413
18.1841 135428
18.1858 135443
18.1907 135458
18.1924 135473
18.1966 135488
18.1982 135503
18.2032 135518
18.2049 135533
18.2065 135548
18.2115 135563
18.2132 135578
18.2165 135593
18.219 135608
18.2224 135623
18.224 135638
18.2282 135653
18.229 135668
18.2307 135683
18.234 135698
18.2357 135713
18.2398 135728
18.2415 135743
18.2449 135758
18.2482 135773
18.2515 135788
18.2548 135803
18.2582 135818
18.2598 135833
18.2623 135848
18.2689 135863
18.2706 135878
18.2756 135893
18.2773 135908
18.2806 135923
18.2814 135938
18.2864 135953
18.2897 135968
18.2914 135983
18.298 135998
18.2997 136013
18.3022 136028
18.3055 136043
18.3089 136058
18.3105 136073
18.3139 136088
18.3155 136103
18.3188 136118
18.3214 136133
18.323 136148
18.3313 136163
18.333 136178
18.3363 136193
18.3396 136208
18.3421 136223
18.3438 136238
18.3488 136253
18.3537 136268
18.3587 136283
18.362 136298
18.3637 136313
18.3712 136328
18.3728 136343
18.3762 136358
18.3786 136373
18.3845 136388
18.3853 136403
18.387 136418
18.3952 136433
18.3969 136448
18.4002 136463
18.4027 136478
18.4052 136493
18.4077 136508
18.4127 136523
18.4144 136538
18.4161 136553
18.421 136568
18.4244 136583
18.4285 136598
18.4302 136613
18.4368 136628
18.4385 136643
18.4418 136658
18.4451 136673
18.4468 136688
18.451 136703
18.4526 136718
18.4609 136733
18.4626 136748
18.4659 136763
18.4676 136778
18.4717 136793
18.4734 136808
18.48 136823
18.4817 136838
18.4834 136853
18.4867 136868
18.49 136883
18.4925 136898
18.4942 136913
18.5008 136928
18.5025 136943
18.5058 136958
18.5083 136973
18.5091 136988
18.5133 137003
18.515 137018
18.5183 137033
18.52 137048
18.5241 137063
18.525 137078
18.5291 137093
18.53 137108
18.5316 137123
18.5358 137138
18.5391 137153
18.5441 137168
18.5458 137183
18.5491 137198
18.5516 137213
18.5566 137228
18.5582 137243
18.5649 137258
18.5665 137273
18.5682 137288
18.5724 137303
18.5732 137318
18.5774 137333
18.5823 137348
18.5873 137363
18.589 137378
18.5923 137393
18.594 137408
18.5957 137423
18.5998 137438
18.6015 137453
18.6065 137468
18.6081 137483
18.6115 137498
18.6148 137513
18.6189 137528
18.6206 137543
18.6239 137558
18.6289 137573
18.6306 137588
18.6355 137603
18.6389 137618
18.6463 137633
18.648 137648
18.6513 137663
18.653 137678
18.6596 137693
18.6605 137708
18.6621 137723
18.6688 137738
18.6721 137753
18.6754 137768
18.6804 137783
18.6829 137798
18.6845 137813
18.6895 137828
18.6912 137843
18.6929 137858
18.697 137873
18.6995 137888
18.7028 137903
18.7053 137918
18.712 137933
18.7136 137948
18.7178 137963
18.7219 137978
18.7236 137993
18.7261 138008
18.7278 138023
18.7344 138038
18.7361 138053
18.7394 138068
18.746 138083
18.7485 138098
18.7502 138113
18.7535 138128
18.7569 138143
18.7593 138158
18.7651 138173
18.7668 138188
18.771 138203
18.7726 138218
18.7776 138233
18.7793 138248
18.7826 138263
18.7859 138278
18.7876 138293
18.7909 138308
18.7934 138323
18.7968 138338
18.7984 138353
18.8026 138368
18.8034 138383
18.8068 138398
18.8084 138413
18.8109 138428
18.8143 138443
18.8159 138458
18.8193 138473
18.8209 138488
18.8259 138503
18.8292 138518
18.8326 138533
18.8342 138548
18.8367 138563
18.8434 138578
18.845 138593
18.85 138608
18.8517 138623
18.855 138638
18.8558 138653
18.8608 138668
18.8641 138683
18.8691 138698
18.8724 138713
18.8741 138728
18.8766 138743
18.8799 138758
18.8833 138773
18.8849 138788
18.8883 138803
18.8899 138818
18.8949 138833
18.8958 138848
18.8974 138863
18.9057 138878
18.9074 138893
18.9107 138908
18.914 138923
18.9165 138938
18.9182 138953
18.9265 138968
18.9282 138983
18.9331 138998
18.9364 139013
18.9381 139028
18.9456 139043
18.9472 139058
18.9506 139073
18.9531 139088
18.958 139103
18.9597 139118
18.968 139133
18.9697 139148
18.9713 139163
18.9747 139178
18.9772 139193
18.9797 139208
18.9822 139223
18.9871 139238
18.9888 139253
18.9921 139268
18.9946 139283
18.9988 139298
19.0013 139313
19.0046 139328
19.0112 139343
19.0129 139358
19.0162 139373
19.0195 139388
19.022 139403
19.0254 139418
19.027 139433
19.0353 139448
19.037 139463
19.0403 139478
19.042 139493
19.0461 139508
19.0478 139523
19.0544 139538
19.0561 139553
19.0603 139568
19.0611 139583
19.0644 139598
19.0669 139613
19.0686 139628
19.0752 139643
19.0769 139658
19.0802 139673
19.0827 139688
19.0852 139703
19.0877 139718
19.0894 139733
19.0927 139748
19.0944 139763
19.0985 139778
19.0994 139793
19.1036 139807
19.106 139821
19.1094 139835
19.1119 139849
19.1135 139863
19.1185 139877
19.1202 139891
19.1235 139905
19.126 139919
19.131 139933
19.1343 139947
19.1393 139961
19.141 139975
19.1426 139989
19.1468 140003
19.1476 140017
19.1518 140031
19.1567 140045
19.1617 140059
19.1634 140073
19.1667 140087
19.1684 140101
19.1726 140115
19.1742 140129
19.1759 140143
19.1809 140157
19.1825 140171
19.1859 140185
19.1892 140199
19.1933 140213
19.195 140227
19.2016 140241
19.2033 140255
19.205 140269
19.21 140283
19.2133 140297
19.2207 140311
19.2224 140325
19.2257 140339
19.2274 140353
19.234 140367
19.2349 140381
19.2365 140395
19.2432 140409
19.2448 140423
19.2482 140437
19.2548 140451
19.2573 140465
19.259 140479
19.2639 140493
19.2656 140507
19.2689 140521
19.2714 140535
19.2739 140549
19.2773 140563
19.2798 140577
19.2864 140591
19.2881 140605
19.2922 140619
19.2964 140633
19.2989 140647
19.3005 140661
19.3022 140675
19.3088 140689
19.3105 140703
19.3138 140717
19.3196 140731
19.3229 140745
19.3246 140759
19.3296 140773
19.3313 140787
19.3338 140801
19.3396 140815
19.3412 140829
19.3454 140843
19.3471 140857
19.352 140871
19.3537 140885
19.357 140899
19.3604 140913
19.3629 140927
19.3645 140941
19.3662 140955
19.3712 140969
19.3728 140983
19.3762 140997
19.3779 141011
19.3812 141025
19.3837 141039
19.387 141053
19.3887 141067
19.3903 141081
19.3953 141095
19.397 141109
19.4012 141123
19.4036 141137
19.4062 141151
19.4078 141165
19.4128 141179
19.4178 141193
19.4194 141207
19.4244 141221
19.4261 141235
19.4294 141249
19.4319 141263
19.4352 141277
19.4386 141291
19.4435 141305
19.4469 141319
19.4494 141333
19.451 141347
19.4544 141361
19.4577 141375
19.4594 141389
19.4627 141403
19.4644 141417
19.4685 141431
19.4702 141445
19.4768 141459
19.4785 141473
19.4801 141487
19.4851 141501
19.4884 141515
19.491 141529
19.4926 141543
19.5009 141557
19.5026 141571
19.5092 141585
19.5109 141599
19.5125 141613
19.52 141627
19.5217 141641
19.525 141655
19.5275 141669
19.5316 141683
19.5333 141697
19.5424 141711
19.5441 141725
19.5457 141739
19.5491 141753
19.5516 141767
19.5541 141781
19.5566 141795
19.5615 141809
19.5632 141823
19.5666 141837
19.5682 141851
19.574 141865
19.5757 141879
19.579 141893
19.5856 141907
19.5873 141921
19.5906 141935
19.594 141949
19.5965 141963
19.5998 141977
19.6064 141991
19.6081 142005
19.6097 142019
19.6147 142033
19.6164 142047
19.6206 142061
19.6222 142075
19.6288 142089
19.6305 142103
19.6347 142117
19.6355 142131
19.6388 142145
19.6413 142159
19.643 142173
19.6496 142187
19.6513 142201
19.6546 142215
19.6571 142229
19.6596 142243
19.6621 142257
19.6646 142271
19.6671 142285
19.6688 142299
19.673 142313
19.6738 142327
19.678 142341
19.6805 142355
19.6838 142369
19.6863 142383
19.6913 142397
19.6929 142411
19.6946 142425
19.6979 142439
19.7004 142453
19.7054 142467
19.7087 142481
19.7137 142495
19.7154 142509
19.7187 142523
19.7212 142537
19.722 142551
19.7262 142565
19.7312 142579
19.7361 142593
19.7378 142607
19.7411 142621
19.7428 142635
19.747 142649
19.7486 142663
19.752 142677
19.7553 142691
19.757 142705
19.7603 142719
19.7636 142733
19.7669 142747
19.7694 142761
19.7761 142775
19.7777 142789
19.7811 142803
19.7844 142817
19.7877 142831
19.7951 142845
19.7968 142859
19.8001 142873
19.8018 142887
19.8084 142901
19.8093 142915
19.8143 142929
19.8176 142943
19.8193 142957
19.8226 142971
19.8292 142985
19.8317 142999
19.8334 143013
19.8384 143027
19.84 143041
19.8434 143055
19.8459 143069
19.85 143083
19.8517 143097
19.8542 143111
19.8608 143125
19.8625 143139
19.8666 143153
19.8708 143167
19.8733 143181
19.8749 143195
19.8816 143209
19.8832 143223
19.8849 143237
19.8882 143251
19.8932 143265
19.8957 143279
19.8974 143293
19.904 143307
19.9057 143321
19.909 143335
19.914 143349
19.9156 143363
19.9198 143377
19.9215 143391
19.9265 143405
19.9281 143419
19.9315 143433
19.9348 143447
19.9373 143461
19.9389 143475
19.9406 143489
19.9456 143503
19.9473 143517
19.9506 143531
19.9523 143545
19.9556 143559
19.9581 143573
19.9614 143587
19.9631 143601
19.9681 143615
19.9697 143629
19.9714 143643
19.9756 143657
19.9781 143671
19.9806 143685
19.9822 143699
19.9872 143713
19.9905 143727
19.9955 143741
19.9988 143755
